rs10923931,1.0,120517959.0,0,1.0,0,0,0,0,0,0,1.0,1.0,1.0,0,0,0,0,0,0,T2D
rs17106184,1.0,50909985.0,0,1.0,0,0,0,0,0,0,1.0,1.0,1.0,1.0,0,0,0,0,0,T2D
rs340874,1.0,214159256.0,0,1.0,0,0,0,0,0,0,1.0,1.0,1.0,1.0,1.0,1.0,0,0,0,T2D
rs998451,2.0,135429288.0,0,1.0,0,0,0,0,0,0,1.0,1.0,0,1.0,0,0,0,0,0,T2D
rs780094,2.0,27741237.0,0,1.0,0,0,0,0,0,0,1.0,1.0,1.0,1.0,0,0,0,0,0,T2D
rs7560163,2.0,151637936.0,0,0,1.0,0,0,0,0,0,1.0,1.0,0,0,0,1.0,0,0,0,T2D
rs7578326,2.0,227020653.0,0,1.0,0,0,0,0,0,0,1.0,1.0,0,0,0,0,0,0,0,T2D
rs7578597,2.0,43732823.0,0,0,0,1.0,0,0,0,0,1.0,1.0,1.0,1.0,1.0,0,0,0,0,T2D
rs7593730,2.0,161171454.0,0,1.0,0,0,0,0,0,0,1.0,1.0,0,0,0,0,0,0,0,T2D
rs6723108,2.0,135479980.0,0,1.0,0,0,0,0,0,0,1.0,1.0,0,1.0,0,0,0,0,0,T2D
rs560887,2.0,169763148.0,0,1.0,0,0,0,0,0,0,1.0,1.0,1.0,1.0,0,0,0,1.0,0,T2D
rs3923113,2.0,165501849.0,0,0,0,0,1.0,0,0,0,1.0,1.0,1.0,0,0,0,0,0,0,T2D
rs2943640,2.0,226228869.0,0,0,1.0,0,0,0,0,0,1.0,0,0,1.0,0,0,0,0,0,T2D
rs2943641,2.0,227093745.0,0,0,0,0,0,1.0,0,0,1.0,0,0,1.0,0,0,0,0,0,T2D
rs243021,2.0,60584819.0,0,0,0,0,0,1.0,0,0,1.0,1.0,1.0,1.0,0,0,0,0,0,T2D
rs13389219,2.0,165528876.0,0,0,1.0,0,0,0,0,0,1.0,1.0,0,0,0,0,0,1.0,0,T2D
rs11708067,3.0,123065778.0,0,1.0,0,0,0,0,0,0,1.0,0,0,1.0,0,0,0,0,0,T2D
rs11717195,3.0,123363551.0,0,1.0,0,0,0,0,0,0,1.0,0,0,1.0,0,0,0,0,0,T2D
rs11920090,3.0,170717521.0,0,1.0,0,0,0,0,0,0,1.0,1.0,1.0,1.0,0,0,0,0,0,T2D
rs1470579,3.0,185811292.0,0,1.0,0,0,0,0,0,0,1.0,1.0,0,1.0,0,0,0,0,0,T2D
rs16861329,3.0,186666461.0,0,1.0,0,0,0,0,0,0,1.0,1.0,0,1.0,1.0,0,0,0,0,T2D
rs1801282,3.0,12351626.0,0,1.0,0,1.0,0,0,0,0,1.0,1.0,1.0,1.0,0,0,0,0,0,T2D
rs4402960,3.0,185793899.0,0,1.0,0,0,0,0,0,0,1.0,1.0,0,1.0,0,0,0,0,0,T2D
rs4607103,3.0,64711904.0,0,1.0,0,0,0,0,0,0,1.0,0,0,1.0,0,0,0,0,0,T2D
rs6769511,3.0,185530290.0,0,1.0,0,0,0,0,0,0,1.0,1.0,0,1.0,0,0,0,0,0,T2D
rs6808574,3.0,187740523.0,0,0,0,0,1.0,0,0,0,1.0,1.0,0,1.0,0,1.0,0,0,0,T2D
rs7612463,3.0,23294959.0,0,1.0,0,0,0,0,0,0,1.0,1.0,1.0,1.0,0,0,0,0,0,T2D
rs831571,3.0,64048297.0,0,0,1.0,0,0,0,0,0,1.0,1.0,0,1.0,0,0,0,1.0,0,T2D
rs7656416,4.0,1254535.0,0,0,1.0,0,0,0,0,0,1.0,1.0,0,1.0,1.0,1.0,0,0,0,T2D
rs6813195,4.0,153520475.0,0,0,0,0,0,1.0,0,0,1.0,1.0,1.0,1.0,0,0,0,0,0,T2D
rs6815464,4.0,1309901.0,0,1.0,0,0,0,0,0,0,1.0,1.0,0,0,0,1.0,0,0,0,T2D
rs4689388,4.0,6270056.0,0,0,0,0,1.0,0,0,0,1.0,0,1.0,1.0,0,0,0,0,0,T2D
rs4458523,4.0,6288259.0,0,1.0,0,0,0,0,0,0,1.0,0,1.0,1.0,0,0,0,0,0,T2D
rs1801214,4.0,6303022.0,0,0,0,1.0,0,0,1.0,0,1.0,1.0,0,1.0,0,0,0,0,0,T2D
rs4457053,5.0,76424949.0,0,1.0,0,0,0,0,0,0,1.0,1.0,0,1.0,0,0,0,0,0,T2D
rs459193,5.0,55842508.0,0,0,0,0,0,1.0,0,0,1.0,1.0,1.0,0,0,0,0,0,0,T2D
rs6235,5.0,95728898.0,0,0,1.0,1.0,0,0,0,0,1.0,1.0,1.0,0,0,0,0,0,0,T2D
rs702634,5.0,53271420.0,0,1.0,0,0,0,0,0,0,1.0,1.0,0,1.0,0,0,0,0,0,T2D
rs10440833,6.0,20687890.0,0,1.0,0,0,0,0,0,0,1.0,1.0,0,0,0,1.0,0,0,0,T2D
rs1048886,6.0,71289189.0,0,0,0,1.0,0,0,0,0,1.0,1.0,1.0,0,1.0,0,0,0,0,T2D
rs10946398,6.0,20661034.0,0,0,1.0,0,0,0,0,0,1.0,1.0,0,0,0,0,0,0,0,T2D
rs1535500,6.0,39284050.0,0,0,1.0,1.0,1.0,0,0,0,1.0,1.0,1.0,1.0,0,0,0,0,0,T2D
rs3130501,6.0,31136453.0,0,1.0,0,0,0,0,0,0,1.0,1.0,0,1.0,0,0,0,0,0,T2D
rs3132524,6.0,31168937.0,0,1.0,0,0,0,0,0,0,1.0,1.0,1.0,1.0,0,0,0,0,0,T2D
rs4712523,6.0,20657564.0,0,1.0,0,0,0,0,0,0,1.0,1.0,0,0,0,0,0,0,0,T2D
rs4712524,6.0,20657865.0,0,1.0,0,0,0,0,0,0,1.0,1.0,0,1.0,0,1.0,0,0,0,T2D
rs6931514,6.0,20703952.0,0,1.0,0,0,0,0,0,0,1.0,1.0,0,0,0,0,0,0,0,T2D
rs7754840,6.0,20661019.0,0,1.0,0,0,0,0,0,0,1.0,1.0,0,0,0,0,0,0,0,T2D
rs7756992,6.0,20679478.0,0,1.0,0,0,0,0,0,0,1.0,1.0,0,0,0,0,0,0,0,T2D
rs7766070,6.0,20686573.0,0,1.0,0,0,0,0,0,0,1.0,1.0,0,0,0,0,0,0,0,T2D
rs9273363,6.0,32626272.0,0,0,0,0,1.0,0,0,0,1.0,0,0,1.0,1.0,1.0,0,0,0,T2D
rs9470794,6.0,38106844.0,0,1.0,0,0,0,0,0,0,1.0,1.0,1.0,1.0,0,0,0,0,0,T2D
rs9502570,6.0,7258384.0,0,0,1.0,0,0,0,0,0,1.0,1.0,0,1.0,0,1.0,0,0,0,T2D
rs9505118,6.0,7290437.0,0,1.0,0,0,0,0,0,0,1.0,1.0,1.0,1.0,0,0,0,0,0,T2D
rs2244020,6.0,31455430.0,0,0,1.0,0,0,0,0,0,1.0,1.0,0,1.0,0,1.0,0,0,0,T2D
rs972283,7.0,130466854.0,0,1.0,0,0,0,0,0,0,1.0,1.0,0,1.0,0,0,0,0,0,T2D
rs849134,7.0,28196222.0,0,1.0,0,0,0,0,0,0,1.0,1.0,0,1.0,0,0,0,0,0,T2D
rs849135,7.0,28156794.0,0,1.0,0,0,0,0,0,0,1.0,1.0,0,1.0,0,0,0,0,0,T2D
rs864745,7.0,28180556.0,0,1.0,0,0,0,0,0,0,1.0,1.0,0,1.0,0,0,0,0,0,T2D
rs791595,7.0,128222749.0,0,1.0,0,0,0,0,0,0,1.0,1.0,0,0,0,0,0,0,0,T2D
rs6467136,7.0,127164958.0,0,0,1.0,0,0,0,0,0,1.0,1.0,0,1.0,0,0,0,0,0,T2D
rs4607517,7.0,44235668.0,0,0,1.0,0,0,0,0,0,1.0,1.0,1.0,0,0,0,0,1.0,0,T2D
rs2191349,7.0,15064309.0,0,0,1.0,0,0,0,0,0,1.0,1.0,1.0,1.0,0,0,0,0,0,T2D
rs10229583,7.0,127246903.0,0,0,1.0,0,0,0,0,0,1.0,1.0,0,0,0,0,0,0,0,T2D
rs3802177,8.0,117172786.0,0,0,0,0,0,0,0,1.0,1.0,1.0,1.0,0,0,0,0,0,0,T2D
rs896854,8.0,95960511.0,0,1.0,0,0,0,0,0,0,1.0,1.0,0,0,0,0,0,0,0,T2D
rs515071,8.0,41519462.0,0,1.0,0,0,1.0,0,0,0,1.0,1.0,1.0,1.0,0,1.0,0,0,0,T2D
rs516946,8.0,41519248.0,0,1.0,0,0,0,0,0,0,1.0,1.0,1.0,1.0,0,0,0,0,0,T2D
rs13266634,8.0,118184783.0,0,0,0,1.0,0,0,0,0,1.0,1.0,1.0,0,0,1.0,0,0,0,T2D
rs11558471,8.0,118185733.0,0,0,0,0,0,0,0,1.0,1.0,1.0,1.0,0,0,0,0,0,0,T2D
rs13292136,9.0,81952128.0,0,0,1.0,0,0,0,0,0,1.0,1.0,0,1.0,0,0,0,0,0,T2D
rs1333051,9.0,22136489.0,0,0,1.0,0,0,0,0,0,1.0,1.0,1.0,1.0,0,1.0,0,0,0,T2D
rs7018475,9.0,22137685.0,0,0,0,0,0,1.0,0,0,1.0,1.0,0,1.0,1.0,1.0,0,0,0,T2D
rs7034200,9.0,4289050.0,0,1.0,0,0,0,0,0,0,1.0,1.0,1.0,1.0,0,0,0,0,0,T2D
rs7041847,9.0,4287466.0,0,1.0,0,0,0,0,0,0,1.0,1.0,1.0,1.0,0,0,0,0,0,T2D
rs2796441,9.0,83498768.0,0,1.0,0,0,0,0,0,0,1.0,1.0,1.0,1.0,0,1.0,0,0,0,T2D
rs2383208,9.0,22132076.0,0,0,0,0,0,1.0,0,0,1.0,1.0,0,1.0,0,0,0,0,0,T2D
rs17584499,9.0,8879118.0,0,1.0,0,0,0,0,0,0,1.0,1.0,0,1.0,0,1.0,0,0,0,T2D
rs17791513,9.0,79290675.0,0,0,0,0,1.0,0,0,0,1.0,1.0,1.0,0,0,0,0,0,0,T2D
rs11787792,9.0,136357696.0,0,1.0,0,0,0,0,0,0,1.0,1.0,0,0,0,1.0,0,0,0,T2D
rs10965250,9.0,22133284.0,0,0,0,0,0,1.0,0,0,1.0,1.0,0,1.0,0,0,0,0,0,T2D
rs10811661,9.0,22134095.0,0,0,0,0,0,1.0,0,0,1.0,1.0,0,1.0,0,1.0,0,0,0,T2D
rs10814916,9.0,4293150.0,0,1.0,0,0,0,0,0,0,1.0,1.0,0,1.0,0,0,0,0,0,T2D
rs10885122,10.0,113042093.0,0,0,1.0,0,0,0,0,0,0,0,0,0,0,0,0,0,0,T2D
rs10886471,10.0,121149403.0,0,1.0,0,0,0,0,0,0,1.0,0,0,1.0,0,1.0,0,0,0,T2D
rs10906115,10.0,12314997.0,0,0,1.0,0,0,0,0,0,0,0,0,0,0,0,0,0,0,T2D
rs1111875,10.0,92703125.0,0,0,0,0,0,1.0,0,0,1.0,1.0,0,0,0,0,0,0,0,T2D
rs11257655,10.0,12265895.0,0,0,1.0,0,0,0,0,0,1.0,1.0,1.0,0,1.0,1.0,0,0,0,T2D
rs12571751,10.0,80942631.0,0,1.0,0,0,0,0,0,0,1.0,1.0,1.0,1.0,0,0,0,0,0,T2D
rs12779790,10.0,12328010.0,0,0,1.0,0,0,0,0,0,1.0,1.0,1.0,0,1.0,0,0,0,0,T2D
rs1802295,10.0,70931474.0,0,0,0,0,0,0,0,1.0,1.0,1.0,1.0,0,0,1.0,0,0,0,T2D
rs4506565,10.0,114756041.0,0,1.0,0,0,0,0,0,0,1.0,1.0,0,1.0,0,0,0,0,0,T2D
rs5015480,10.0,94465559.0,0,0,1.0,0,0,0,0,0,1.0,1.0,0,0,0,0,0,0,0,T2D
rs7901695,10.0,114754088.0,0,1.0,0,0,0,0,0,0,1.0,1.0,0,1.0,0,0,0,0,0,T2D
rs7903146,10.0,112998590.0,0,1.0,0,0,0,0,0,0,1.0,1.0,0,1.0,0,0,0,0,0,T2D
rs8181588,11.0,2810311.0,0,1.0,0,0,0,0,0,0,1.0,1.0,0,0,0,0,0,0,0,T2D
rs7944584,11.0,47336320.0,0,1.0,0,0,0,0,0,0,1.0,1.0,1.0,1.0,1.0,0,0,0,0,T2D
rs5215,11.0,17387083.0,0,0,0,1.0,0,0,0,0,1.0,1.0,1.0,1.0,1.0,1.0,0,0,0,T2D
rs5219,11.0,17409572.0,0,0,0,1.0,0,0,0,0,1.0,1.0,1.0,1.0,1.0,1.0,0,0,0,T2D
rs3847554,11.0,92668826.0,0,0,0,0,0,1.0,0,0,1.0,1.0,0,1.0,0,1.0,0,0,0,T2D
rs231362,11.0,2691471.0,0,1.0,0,0,0,0,0,0,1.0,1.0,0,1.0,0,1.0,0,0,0,T2D
rs2237892,11.0,2839751.0,0,1.0,0,0,0,0,0,0,1.0,0,0,1.0,0,0,0,0,0,T2D
rs2237895,11.0,2857194.0,0,1.0,0,0,0,0,0,0,1.0,1.0,0,1.0,0,1.0,0,0,0,T2D
rs2237897,11.0,2858546.0,0,1.0,0,0,0,0,0,0,1.0,1.0,0,1.0,1.0,1.0,0,0,0,T2D
rs174550,11.0,61571478.0,0,1.0,0,0,0,0,0,0,1.0,1.0,1.0,1.0,0,0,0,0,0,T2D
rs1552224,11.0,72433098.0,0,1.0,0,0,0,0,0,0,1.0,1.0,0,0,1.0,1.0,0,0,0,T2D
rs163182,11.0,2844216.0,0,1.0,0,0,0,0,0,0,1.0,1.0,1.0,1.0,0,1.0,0,0,0,T2D
rs163184,11.0,2825839.0,0,1.0,0,0,0,0,0,0,1.0,1.0,0,1.0,1.0,1.0,0,0,0,T2D
rs1387153,11.0,92673828.0,0,0,0,0,1.0,0,0,0,1.0,0,0,1.0,0,0,0,0,0,T2D
rs11603334,11.0,72432985.0,0,1.0,0,0,0,0,0,0,1.0,1.0,0,0,1.0,0,0,0,0,T2D
rs11605924,11.0,45873091.0,0,1.0,0,0,0,0,0,0,1.0,1.0,0,1.0,0,0,0,0,0,T2D
rs10830962,11.0,92698427.0,0,0,0,0,1.0,0,0,0,1.0,0,0,1.0,0,1.0,0,0,0,T2D
rs10830963,11.0,92708710.0,0,1.0,0,0,0,0,0,0,1.0,0,0,1.0,0,1.0,0,0,0,T2D
rs10501320,11.0,47293799.0,0,1.0,0,0,0,0,0,0,1.0,1.0,1.0,1.0,1.0,1.0,0,0,0,T2D
rs10838687,11.0,47312892.0,0,1.0,0,0,0,0,0,0,1.0,0,0,1.0,0,0,0,0,0,T2D
rs3842770,11.0,2135246.0,0,1.0,0,0,0,0,0,0,1.0,1.0,0,1.0,0,1.0,0,0,0,T2D
rs2283228,11.0,2806106.0,0,1.0,0,0,0,0,0,0,1.0,0,0,1.0,0,0,0,0,0,T2D
rs231356,11.0,2661919.0,0,1.0,0,0,0,0,0,0,1.0,1.0,0,1.0,0,1.0,0,0,0,T2D
rs343092,12.0,64537207.0,0,1.0,0,0,0,0,0,0,1.0,1.0,1.0,1.0,0,1.0,0,0,0,T2D
rs11065756,12.0,109823177.0,0,1.0,0,0,0,0,0,0,1.0,1.0,0,1.0,0,1.0,0,0,0,T2D
rs2074356,12.0,112645401.0,0,1.0,0,0,0,0,0,0,1.0,1.0,0,1.0,0,1.0,0,0,0,T2D
rs10842994,12.0,27856417.0,0,0,0,0,0,1.0,0,0,1.0,0,0,0,1.0,0,0,0,0,T2D
rs1531343,12.0,66174894.0,0,1.0,0,0,0,0,0,0,1.0,1.0,0,0,0,0,0,0,0,T2D
rs1727313,12.0,123156306.0,0,1.0,0,0,0,0,0,0,1.0,0,1.0,1.0,0,0,0,0,0,T2D
rs2261181,12.0,65818538.0,0,1.0,0,0,0,0,0,0,1.0,1.0,1.0,1.0,0,0,0,0,0,T2D
rs4275659,12.0,123447928.0,0,1.0,0,0,0,0,0,0,1.0,1.0,1.0,1.0,1.0,0,0,0,0,T2D
rs35767,12.0,102875569.0,0,0,0,0,1.0,0,0,0,1.0,1.0,0,0,1.0,1.0,0,0,0,T2D
rs7305618,12.0,121402932.0,0,0,1.0,0,0,0,0,0,1.0,1.0,0,1.0,0,1.0,0,0,0,T2D
rs7957197,12.0,121022883.0,0,1.0,0,0,0,0,0,0,1.0,1.0,0,1.0,0,1.0,0,0,0,T2D
rs7961581,12.0,71663102.0,0,0,1.0,0,0,0,0,0,1.0,1.0,0,0,0,0,0,0,0,T2D
rs9552911,13.0,23864657.0,0,1.0,0,0,0,0,0,0,1.0,1.0,0,1.0,0,1.0,0,0,0,T2D
rs1359790,13.0,80717156.0,0,0,0,0,1.0,0,0,0,1.0,1.0,1.0,1.0,0,0,0,0,0,T2D
rs4502156,15.0,62383155.0,0,0,1.0,0,0,0,0,0,1.0,1.0,1.0,0,0,0,0,0,0,T2D
rs8042680,15.0,91521337.0,0,1.0,0,0,0,0,0,0,1.0,1.0,0,1.0,0,0,0,0,0,T2D
rs7403531,15.0,38822905.0,0,1.0,0,0,0,0,0,0,1.0,1.0,0,0,0,0,0,0,0,T2D
rs7172432,15.0,62396389.0,0,0,1.0,0,0,0,0,0,1.0,1.0,1.0,0,0,0,0,0,0,T2D
rs7177055,15.0,77832762.0,0,0,1.0,0,0,0,0,0,1.0,1.0,0,1.0,0,0,0,0,0,T2D
rs7178572,15.0,77454848.0,0,1.0,0,0,0,0,0,0,1.0,1.0,0,1.0,0,0,0,0,0,T2D
rs1549318,15.0,71109147.0,0,0,1.0,0,0,0,0,0,1.0,1.0,0,0,0,0,0,0,0,T2D
rs2028299,15.0,90374257.0,0,0,0,0,0,0,0,1.0,1.0,1.0,0,1.0,0,0,0,0,0,T2D
rs11071657,15.0,62433962.0,0,0,1.0,0,0,0,0,0,1.0,1.0,0,1.0,0,0,0,0,0,T2D
rs11634397,15.0,80432222.0,0,0,1.0,0,0,0,0,0,1.0,1.0,0,0,0,0,0,0,0,T2D
rs11642841,16.0,53845487.0,0,1.0,0,0,0,0,0,0,1.0,1.0,1.0,0,0,0,0,0,0,T2D
rs7202877,16.0,75247245.0,0,0,1.0,0,0,0,0,0,1.0,1.0,0,1.0,0,0,0,0,0,T2D
rs9936385,16.0,53785257.0,0,1.0,0,0,0,0,0,0,1.0,1.0,0,0,0,1.0,0,0,0,T2D
rs9939609,16.0,53786615.0,0,1.0,0,0,0,0,0,0,1.0,1.0,0,0,0,0,0,0,0,T2D
rs8050136,16.0,53816275.0,0,1.0,0,0,0,0,0,0,1.0,1.0,1.0,0,0,0,0,0,0,T2D
rs75493593,17.0,7041768.0,0,0,0,1.0,0,0,0,0,1.0,1.0,1.0,1.0,1.0,1.0,0,0,0,T2D
rs391300,17.0,2216258.0,0,1.0,0,0,0,0,0,0,1.0,1.0,0,1.0,0,0,0,0,0,T2D
rs4790333,17.0,2262703.0,0,1.0,0,0,0,0,0,0,1.0,1.0,1.0,1.0,0,0,0,0,0,T2D
rs4430796,17.0,37738049.0,0,1.0,0,0,0,0,0,0,1.0,1.0,0,0,0,1.0,0,0,0,T2D
rs312457,17.0,7037074.0,0,1.0,0,0,0,0,0,0,1.0,1.0,0,1.0,0,1.0,0,0,0,T2D
rs12970134,18.0,57884750.0,0,0,0,0,0,1.0,0,0,1.0,0,0,1.0,0,0,0,0,0,T2D
rs8090011,18.0,7068462.0,0,1.0,0,0,0,0,0,0,1.0,1.0,0,1.0,0,0,0,0,0,T2D
rs3786897,19.0,33893008.0,0,1.0,0,0,0,0,0,0,1.0,1.0,0,1.0,0,0,0,0,0,T2D
rs3794991,19.0,19610596.0,0,1.0,0,0,0,0,0,0,1.0,1.0,1.0,1.0,0,0,0,0,0,T2D
rs10401969,19.0,19407718.0,0,1.0,0,0,0,0,0,0,1.0,0,1.0,1.0,0,0,0,0,0,T2D
rs4812829,20.0,42989267.0,0,1.0,0,0,0,0,0,0,1.0,1.0,0,0,0,1.0,0,0,0,T2D
rs6017317,20.0,42946966.0,0,0,1.0,0,0,0,0,0,1.0,1.0,0,1.0,0,1.0,0,0,0,T2D
rs12010175,X,152862638.0,0,1.0,0,0,0,0,0,0,1.0,1.0,0,1.0,0,1.0,0,0,0,T2D
rs5945326,X,153634467.0,0,0,1.0,0,0,0,0,0,1.0,1.0,0,1.0,0,0,0,0,0,T2D
rs4994,8.0,37966280.0,0,0,0,1.0,0,0,0,0,0,0,0,0,0,0,0,0,0,Obesity
rs6232,5.0,96416081.0,0,1.0,0,0,0,0,0,0,0,0,0,0,0,0,0,0,0,Obesity
rs16139,7.0,24285260.0,0,1.0,0,0,0,0,0,0,0,0,0,0,0,0,0,0,0,Obesity
rs659366,11.0,73983709.0,0,0,0,0,1.0,0,0,0,0,0,0,0,0,0,0,0,0,Obesity
rs696217,3.0,10289773.0,0,1.0,0,0,0,0,0,0,0,0,0,0,0,0,0,0,0,Obesity
rs1042714,5.0,148826910.0,0,0,0,1.0,0,0,0,0,0,0,0,0,0,0,0,0,0,Obesity
rs1169288,12.0,120978847.0,0,0,0,1.0,0,0,0,0,0,0,0,0,0,0,0,0,0,Obesity
rs1799999,7.0,113878379.0,0,0,0,1.0,0,0,0,0,0,0,0,0,0,0,0,0,0,Obesity
rs1800571,3.0,12381349.0,0,0,0,1.0,0,0,0,0,0,0,0,0,0,0,0,0,0,Obesity
rs1801282,3.0,12351626.0,0,1.0,0,0,0,0,0,0,0,0,0,0,0,0,0,0,0,Obesity
rs1805097,13.0,109782884.0,0,0,0,1.0,0,0,0,0,0,0,0,0,0,0,0,0,0,Obesity
rs1805192,11.0,12379739.0,0,0,0,1.0,0,0,0,0,0,0,0,0,0,0,0,0,0,Obesity
rs2229707,1.0,74006202.0,0,0,0,1.0,0,0,0,0,0,0,0,0,0,0,0,0,0,Obesity
rs2282440,1.0,30874473.0,0,0,0,1.0,0,0,0,0,0,0,0,0,0,0,0,0,0,Obesity
rs2491132,1.0,30876800.0,0,0,0,1.0,0,0,0,0,0,0,0,0,0,0,0,0,0,Obesity
rs4684677,3.0,10286769.0,0,1.0,0,0,0,0,0,0,0,0,0,0,0,0,0,0,0,Obesity
rs5030980,16.0,67483042.0,0,1.0,0,0,0,0,0,0,0,0,0,0,0,0,0,0,0,Obesity
rs7732671,5.0,149832680.0,0,0,0,1.0,0,0,0,0,0,0,0,0,0,0,0,0,0,Obesity
rs13447324,18.0,60372245.0,0,0,0,0,0,0,0,0,0,0,0,0,0,0,0,0,1.0,Obesity
rs28932472,2.0,25161179.0,0,0,0,1.0,0,0,0,0,0,0,0,0,0,0,0,0,0,Obesity
rs34911341,3.0,10289835.0,0,1.0,0,0,0,0,0,0,0,0,0,0,0,0,0,0,0,Obesity
rs13447325,18.0,60372240.0,0,0,0,1.0,0,0,0,0,0,0,0,0,0,0,0,0,0,Obesity
rs13447331,18.0,60371970.0,0,0,0,1.0,0,0,0,0,0,0,0,0,0,0,0,0,0,Obesity
rs17848368,11.0,74006298.0,0,0,0,1.0,0,0,0,0,0,0,0,0,0,0,0,0,0,Obesity
rs28937875,20.0,10413360.0,0,1.0,0,0,0,0,0,0,0,0,0,0,0,0,0,0,0,Obesity
rs74315349,1.0,26913841.0,0,1.0,0,0,0,0,0,0,0,0,0,0,0,0,0,0,0,Obesity
rs74315350,1.0,26912036.0,0,0,0,0,0,1.0,0,0,0,0,0,0,0,0,0,0,0,Obesity
rs74315393,20.0,56249280.0,0,0,0,1.0,0,0,0,0,0,0,0,0,0,0,0,0,0,Obesity
rs104894023,7.0,128254572.0,0,0,0,1.0,0,0,0,0,0,0,0,0,0,0,0,0,0,Obesity
rs104894319,11.0,74005844.0,0,0,0,0,0,0,0,0,0,0,0,0,0,0,0,0,1.0,Obesity
rs119463988,10.0,26735477.0,0,1.0,0,0,0,0,0,0,0,0,0,0,0,0,0,0,0,Obesity
rs121434633,9.0,84955510.0,0,0,0,1.0,0,0,0,0,0,0,0,0,0,0,0,0,0,Obesity
rs121908951,10.0,87709311.0,0,0,0,1.0,0,0,0,0,0,0,0,0,0,0,0,0,0,Obesity
rs121909065,5.0,71719903.0,0,0,0,1.0,0,0,0,0,0,0,0,0,0,0,0,0,0,Obesity
rs121913157,19.0,7120739.0,0,0,0,1.0,0,0,0,0,0,0,0,0,0,0,0,0,0,Obesity
rs121913556,20.0,56249736.0,0,0,0,1.0,0,0,0,0,0,0,0,0,0,0,0,0,0,Obesity
rs121918111,2.0,25161572.0,0,0,0,1.0,0,0,0,0,0,0,0,0,0,0,0,0,0,Obesity
rs121918112,2.0,25161734.0,0,0,0,0,0,0,0,0,0,0,0,0,0,0,0,0,1.0,Obesity
rs121918117,7.0,30969116.0,0,0,0,1.0,0,0,0,0,0,0,0,0,0,0,0,0,0,Obesity
rs121918127,9.0,136429731.0,0,0,0,0,0,0,0,0,0,0,0,0,0,0,0,0,1.0,Obesity
rs121918705,3.0,24122968.0,0,0,0,0,0,0,0,0,0,0,0,0,0,0,0,0,1.0,Obesity
rs122454131,X,20186338.0,0,0,0,1.0,0,0,0,0,0,0,0,0,0,0,0,0,0,Obesity
rs137852824,5.0,96410949.0,0,1.0,0,0,0,0,0,0,0,0,0,0,0,0,0,0,0,Obesity
rs137853105,17.0,58206479.0,0,1.0,0,0,0,0,0,0,0,0,0,0,0,0,0,0,0,Obesity
rs7524102,1.0,22371954.0,0,1.0,0,0,0,0,0,0,1.0,1.0,0,1.0,0,0,0,0,0,bone density
rs34920465,1.0,22373858.0,0,0,0,0,1.0,0,0,0,1.0,1.0,0,1.0,0,0,0,0,0,bone density
rs6696981,1.0,22376365.0,0,1.0,0,0,0,0,0,0,1.0,1.0,0,1.0,0,0,0,0,0,bone density
rs6426749,1.0,22384980.0,0,0,0,0,1.0,0,0,0,1.0,1.0,0,0,0,0,0,0,0,bone density
rs1430742,1.0,68169392.0,0,1.0,0,0,0,0,0,0,0,0,0,0,0,0,0,0,0,bone density
rs2566755,1.0,68169707.0,0,1.0,0,0,0,0,0,0,0,0,0,0,0,0,0,0,0,bone density
rs1430740,1.0,68191827.0,0,1.0,0,0,0,0,0,0,1.0,0,0,1.0,0,0,0,0,0,bone density
rs479336,1.0,172230433.0,0,1.0,0,0,0,0,0,0,1.0,0,0,1.0,0,0,0,0,0,bone density
rs9287237,1.0,240433914.0,0,1.0,0,0,0,0,0,0,1.0,0,0,1.0,0,0,0,0,0,bone density
rs7584262,2.0,42023409.0,0,0,1.0,0,0,0,0,0,1.0,1.0,0,0,0,0,0,0,0,bone density
rs11898505,2.0,54457420.0,0,1.0,0,0,0,0,0,0,1.0,1.0,0,1.0,1.0,0,0,0,0,bone density
rs17040773,2.0,111742458.0,0,0,1.0,0,0,0,0,0,1.0,0,0,1.0,0,0,0,0,0,bone density
rs1878526,2.0,118281022.0,0,0,1.0,0,0,0,0,0,1.0,1.0,1.0,0,0,0,0,0,0,bone density
rs6710518,2.0,165726734.0,0,0,1.0,0,0,0,0,0,1.0,1.0,0,1.0,0,0,0,0,0,bone density
rs87938,3.0,41096181.0,0,0,1.0,0,0,0,0,0,1.0,1.0,1.0,1.0,0,0,0,0,0,bone density
rs1026364,3.0,113651163.0,0,1.0,0,0,0,0,0,1.0,1.0,0,0,1.0,0,0,0,0,0,bone density
rs344081,3.0,156838195.0,0,1.0,0,0,0,0,0,0,1.0,1.0,0,0,0,0,0,0,0,bone density
rs3755955,4.0,1000626.0,0,0,0,1.0,0,0,0,0,1.0,1.0,1.0,0,0,0,0,0,0,bone density
